Initializing UKF
k: 0
measurement:
0
0
UKF: 
k: 1
measurement:
0
0
0
dt: 0
RADAR
NIS_radar_: 0.774
x_ = 5.47e-005
 0.000518
 0.000518
 0.000518
 0.000518
P_ = 0.0885 0.0492 0.0492 0.0492 0.0492
0.0492 0.0293 0.0293 0.0293 0.0293
0.0492 0.0293 0.0693 0.0693 0.0693
0.0492 0.0293 0.0693  0.109  0.109
0.0492 0.0293 0.0693  0.109  0.149
k: 2
measurement:
  1.56
-0.139
dt: 1
LIDAR
NIS_laser_: 9.82
x_ =   1.45
0.0988
  2.55
 0.415
 0.207
P_ =  0.0212  0.0017   0.032 0.00793 0.00396
 0.0017  0.0112 -0.0313  0.0128 0.00639
  0.032 -0.0313   0.243 -0.0932 -0.0466
0.00793  0.0128 -0.0932   0.456   0.383
0.00396 0.00639 -0.0466   0.383   0.482
k: 3
measurement:
  1.81
0.0262
  2.31
dt: 0
RADAR
NIS_radar_: 1.44
x_ =   1.52
0.0518
  2.83
 0.326
 0.147
P_ =    0.0167   0.00125    0.0224    0.0146   0.00976
  0.00125   0.00171  -0.00243  0.000577 -0.000193
   0.0224  -0.00243     0.109    0.0164    0.0317
   0.0146  0.000577    0.0164     0.278     0.246
  0.00976 -0.000193    0.0317     0.246     0.375
k: 4
measurement:
  3.89
-0.134
dt: 1
LIDAR
NIS_laser_: 0.455
x_ =   3.89
-0.127
  2.88
-0.236
-0.231
P_ =     0.0221 -6.85e-005     0.0105   -0.00587   -0.00311
-6.85e-005     0.0223    0.00426     0.0131    0.00696
    0.0105    0.00426      0.795     0.0301     0.0216
  -0.00587     0.0131     0.0301      0.106        0.2
  -0.00311    0.00696     0.0216        0.2      0.415
k: 5
measurement:
  4.2
0.052
 2.42
dt: 0
RADAR
NIS_radar_: 4.02
x_ =   3.95
0.0743
  2.64
-0.168
-0.227
P_ =    0.0177 -0.000344   0.00397  -0.00534  -0.00329
-0.000344   0.00846  -0.00113   0.00477   0.00226
  0.00397  -0.00113      0.13   -0.0412   -0.0874
 -0.00534   0.00477   -0.0412    0.0939     0.186
 -0.00329   0.00226   -0.0874     0.186     0.396
k: 6
measurement:
 6.86
0.417
dt: 1
LIDAR
NIS_laser_: 1.47
x_ =  6.84
0.408
 3.19
0.409
0.316
P_ =    0.0217 7.43e-005    0.0205   0.00466   0.00322
7.43e-005    0.0222  -0.00564     0.014    0.0094
   0.0205  -0.00564      0.55   -0.0399   -0.0302
  0.00466     0.014   -0.0399     0.119     0.203
  0.00322    0.0094   -0.0302     0.203      0.38
k: 7
measurement:
  6.46
0.0733
  2.44
dt: 0
RADAR
NIS_radar_: 1.65
x_ =  6.75
 0.44
 2.89
0.473
0.411
P_ =  0.0173 0.00038 0.00899 0.00597 0.00585
0.00038  0.0144 0.00394 0.00712 0.00302
0.00899 0.00394   0.172   0.066   0.129
0.00597 0.00712   0.066  0.0861   0.156
0.00585 0.00302   0.129   0.156   0.311
k: 8
measurement:
 9.08
0.593
dt: 1
LIDAR
NIS_laser_: 1.16
x_ =   9.08
 0.613
  2.32
0.0773
-0.114
P_ =    0.0217 -0.000357    0.0217  -0.00726  -0.00488
-0.000357    0.0221    0.0169    0.0101   0.00652
   0.0217    0.0169       0.4    0.0389    0.0311
 -0.00726    0.0101    0.0389     0.118     0.202
 -0.00488   0.00652    0.0311     0.202      0.38
k: 9
measurement:
  8.94
0.0994
  2.53
dt: 0
RADAR
NIS_radar_: 1.32
x_ =    9.06
  0.686
   2.59
  0.142
-0.0702
P_ =   0.0168 -0.00063  0.00393 -0.00706 -0.00482
-0.00063   0.0167  0.00311  0.00684  0.00433
 0.00393  0.00311   0.0909   0.0108   0.0105
-0.00706  0.00684   0.0108    0.114    0.199
-0.00482  0.00433   0.0105    0.199    0.378
k: 10
measurement:
11.6
1.67
dt: 1
LIDAR
NIS_laser_: 0.58
x_ =  11.6
 1.66
 2.98
0.537
0.228
P_ =    0.0219 -2.3e-005    0.0164  -0.00201  -0.00131
-2.3e-005    0.0222   0.00216    0.0154    0.0099
   0.0164   0.00216     0.653   -0.0118   -0.0104
 -0.00201    0.0154   -0.0118     0.123     0.206
 -0.00131    0.0099   -0.0104     0.206     0.384
k: 11
measurement:
 11.5
0.124
  2.5
dt: 0
RADAR
NIS_radar_: 0.515
x_ =  11.5
 1.62
 2.89
 0.53
0.241
P_ =    0.0174 3.31e-005    0.0032  0.000577   0.00263
3.31e-005    0.0186      0.01    0.0111   0.00527
   0.0032      0.01     0.208    0.0899     0.156
 0.000577    0.0111    0.0899    0.0975     0.167
  0.00263   0.00527     0.156     0.167     0.321
k: 12
measurement:
13.6
2.31
dt: 1
LIDAR
NIS_laser_: 0.372
x_ =    13.6
   2.32
   2.49
  0.316
-0.0488
P_ =    0.0216 -0.000354    0.0225   -0.0068  -0.00455
-0.000354    0.0221    0.0169   0.00995   0.00626
   0.0225    0.0169     0.377    0.0173    0.0157
  -0.0068   0.00995    0.0173     0.124     0.208
 -0.00455   0.00626    0.0157     0.208     0.386
k: 13
measurement:
 13.8
0.145
 2.54
dt: 0
RADAR
NIS_radar_: 0.674
x_ =    13.6
   2.29
   2.65
  0.285
-0.0875
P_ =   0.0167 -0.00103  0.00355 -0.00463 -0.00153
-0.00103   0.0193  0.00608  0.00946  0.00691
 0.00355  0.00608    0.106   0.0357   0.0565
-0.00463  0.00946   0.0357    0.122    0.204
-0.00153  0.00691   0.0565    0.204     0.38
k: 14
measurement:
16.6
 2.9
dt: 1
LIDAR
NIS_laser_: 1.38
x_ =   16.6
   2.9
  3.43
0.0211
  -0.2
P_ =    0.0218 -4.6e-005    0.0175  -0.00453  -0.00289
-4.6e-005    0.0223   0.00468    0.0139   0.00884
   0.0175   0.00468     0.617  -0.00364  -0.00413
 -0.00453    0.0139  -0.00364     0.126     0.208
 -0.00289   0.00884  -0.00413     0.208     0.387
k: 15
measurement:
 16.5
0.173
 2.73
dt: 0
RADAR
NIS_radar_: 1.23
x_ =     16.5
    2.88
    3.06
-0.00235
  -0.247
P_ =    0.0174 -0.000622   0.00484  -0.00481  -0.00399
-0.000622    0.0203  -0.00367    0.0121   0.00693
  0.00484  -0.00367     0.147   -0.0478   -0.0793
 -0.00481    0.0121   -0.0478     0.121     0.201
 -0.00399   0.00693   -0.0793     0.201     0.374
k: 16
measurement:
  19
3.71
dt: 1
LIDAR
NIS_laser_: 0.495
x_ =    19
  3.7
 2.99
0.404
0.167
P_ =    0.0219 2.93e-006    0.0174   0.00239   0.00163
2.93e-006    0.0223  -0.00225    0.0122   0.00775
   0.0174  -0.00225     0.654   -0.0396    -0.027
  0.00239    0.0122   -0.0396     0.124     0.208
  0.00163   0.00775    -0.027     0.208     0.387
k: 17
measurement:
 19.7
0.197
  2.5
dt: 0
RADAR
NIS_radar_: 1.43
x_ =  19.1
 3.72
 2.81
0.462
0.232
P_ =    0.0175 -0.000427   0.00434   0.00329   0.00335
-0.000427    0.0207   0.00436    0.0102   0.00562
  0.00434   0.00436     0.141    0.0467    0.0886
  0.00329    0.0102    0.0467     0.109     0.188
  0.00335   0.00562    0.0886     0.188     0.361
k: 18
measurement:
21.3
4.73
dt: 1
LIDAR
NIS_laser_: 0.16
x_ =   21.3
  4.73
  2.97
 0.418
0.0532
P_ =    0.0218 -0.000213    0.0173  -0.00791  -0.00517
-0.000213    0.0222     0.011    0.0109   0.00695
   0.0173     0.011     0.571    0.0412    0.0302
 -0.00791    0.0109    0.0412     0.122     0.205
 -0.00517   0.00695    0.0302     0.205     0.384
k: 19
measurement:
 22.1
0.216
  2.8
dt: 0
RADAR
NIS_radar_: 0.783
x_ =   21.4
  4.74
  3.03
 0.402
0.0424
P_ =     0.0173  -0.000957 -3.53e-005   -0.00606   -0.00222
 -0.000957     0.0209    0.00667     0.0106    0.00722
-3.53e-005    0.00667      0.145     0.0633     0.0978
  -0.00606     0.0106     0.0633       0.12      0.201
  -0.00222    0.00722     0.0978      0.201      0.373
k: 20
measurement:
24.1
5.57
dt: 1
LIDAR
NIS_laser_: 0.36
x_ =   24.1
  5.57
  3.37
 0.179
-0.127
P_ =    0.0218 -0.000163     0.018  -0.00588  -0.00381
-0.000163    0.0223   0.00851    0.0108   0.00681
    0.018   0.00851     0.584     0.013   0.00652
 -0.00588    0.0108     0.013     0.124     0.208
 -0.00381   0.00681   0.00652     0.208     0.387
k: 21
measurement:
 25.3
0.237
 3.08
dt: 0
RADAR
NIS_radar_: 2.99
x_ =   24.2
   5.6
  3.33
 0.159
-0.145
P_ =   0.0175 -0.00106  0.00381 -0.00573 -0.00403
-0.00106   0.0211 0.000469   0.0101  0.00615
 0.00381 0.000469    0.126  -0.0118  -0.0234
-0.00573   0.0101  -0.0118    0.122    0.206
-0.00403  0.00615  -0.0234    0.206    0.385
k: 22
measurement:
26.6
6.96
dt: 1
LIDAR
NIS_laser_: 0.442
x_ =  26.6
 6.95
 3.27
0.637
0.252
P_ =     0.0221 -3.67e-005     0.0122  -0.000727   -0.00044
-3.67e-005     0.0223    0.00112     0.0121    0.00774
    0.0122    0.00112      0.784    -0.0219    -0.0156
 -0.000727     0.0121    -0.0219      0.118      0.203
  -0.00044    0.00774    -0.0156      0.203      0.383
k: 23
measurement:
 27.4
0.254
 2.98
dt: 0
RADAR
NIS_radar_: 0.0666
x_ =  26.6
 6.95
 3.34
0.618
0.223
P_ =    0.0179 -0.000804   0.00236  0.000486   0.00183
-0.000804    0.0212   0.00994   0.00972   0.00434
  0.00236   0.00994     0.228    0.0927     0.167
 0.000486   0.00972    0.0927    0.0938     0.165
  0.00183   0.00434     0.167     0.165     0.322
k: 24
measurement:
29.6
8.09
dt: 1
LIDAR
NIS_laser_: 0.8
x_ =   29.6
  8.09
   3.6
 0.242
-0.168
P_ =    0.0218 -0.000374    0.0193  -0.00667  -0.00448
-0.000374    0.0221    0.0176    0.0082   0.00519
   0.0193    0.0176     0.432    0.0136    0.0132
 -0.00667    0.0082    0.0136     0.117     0.202
 -0.00448   0.00519    0.0132     0.202     0.382
k: 25
measurement:
 30.6
0.273
    3
dt: 0
RADAR
NIS_radar_: 0.313
x_ =   29.5
  8.08
  3.31
  0.23
-0.185
P_ =   0.0175 -0.00166  0.00459 -0.00639 -0.00463
-0.00166   0.0208  0.00407  0.00749  0.00432
 0.00459  0.00407    0.118 -0.00309 -0.00847
-0.00639  0.00749 -0.00309    0.116    0.201
-0.00463  0.00432 -0.00847    0.201     0.38
k: 26
measurement:
31.9
9.88
dt: 1
LIDAR
NIS_laser_: 0.724
x_ =  31.9
 9.87
 3.31
0.839
0.325
P_ =     0.0221 -3.98e-005     0.0121    -0.0016     -0.001
-3.98e-005     0.0223    0.00196     0.0122    0.00785
    0.0121    0.00196      0.779    -0.0279    -0.0197
   -0.0016     0.0122    -0.0279      0.115        0.2
    -0.001    0.00785    -0.0197        0.2       0.38
k: 27
measurement:
33.2
0.29
2.79
dt: 0
RADAR
NIS_radar_: 0.673
x_ =  31.9
 9.85
 3.35
 0.81
0.286
P_ =    0.0179 -0.000948   0.00237  0.000268   0.00233
-0.000948    0.0212    0.0131    0.0084   0.00202
  0.00237    0.0131     0.308     0.109     0.203
 0.000268    0.0084     0.109    0.0747     0.135
  0.00233   0.00202     0.203     0.135     0.274
k: 28
measurement:
34.6
10.7
dt: 1
LIDAR
NIS_laser_: 1.48
x_ =   34.6
  10.7
  2.57
   0.2
-0.297
P_ =    0.0219 -0.000419    0.0162  -0.00729  -0.00495
-0.000419    0.0219    0.0236   0.00723   0.00455
   0.0162    0.0236     0.361  -0.00271   0.00414
 -0.00729   0.00723  -0.00271     0.117     0.202
 -0.00495   0.00455   0.00414     0.202     0.381
k: 29
measurement:
 36.7
0.304
 2.99
dt: 0
RADAR
NIS_radar_: 2.81
x_ =   34.7
  10.8
  3.02
 0.205
-0.259
P_ =   0.0178 -0.00194  0.00452 -0.00691 -0.00544
-0.00194   0.0201  0.00483  0.00605  0.00202
 0.00452  0.00483   0.0984  -0.0212  -0.0345
-0.00691  0.00605  -0.0212    0.115    0.199
-0.00544  0.00202  -0.0345    0.199    0.375
k: 30
measurement:
37.1
12.1
dt: 1
LIDAR
NIS_laser_: 0.552
x_ =  37.1
 12.1
 3.09
0.624
0.177
P_ =      0.022 -5.08e-005     0.0146  -0.000554   -0.00026
-5.08e-005     0.0223    0.00134     0.0132     0.0085
    0.0146    0.00134      0.713    -0.0406    -0.0273
 -0.000554     0.0132    -0.0406      0.119      0.203
  -0.00026     0.0085    -0.0273      0.203      0.381
k: 31
measurement:
 39.5
0.317
 3.03
dt: 0
RADAR
NIS_radar_: 1.54
x_ =  37.2
 12.1
  3.3
0.607
0.141
P_ =   0.0179 -0.00108  0.00267  0.00072  0.00201
-0.00108   0.0214  0.00885   0.0111  0.00581
 0.00267  0.00885    0.174   0.0683    0.128
 0.00072   0.0111   0.0683   0.0966    0.171
 0.00201  0.00581    0.128    0.171    0.336
k: 32
measurement:
40.3
13.5
dt: 1
LIDAR
NIS_laser_: 1.13
x_ =   40.3
  13.5
  3.89
 0.246
-0.187
P_ =    0.0218 -0.000316    0.0181  -0.00726   -0.0048
-0.000316    0.0222    0.0146   0.00831   0.00533
   0.0181    0.0146     0.501    0.0226    0.0185
 -0.00726   0.00831    0.0226     0.116     0.201
  -0.0048   0.00533    0.0185     0.201     0.381
k: 33
measurement:
 42.2
0.329
 2.95
dt: 0
RADAR
NIS_radar_: 1.63
x_ =  40.2
 13.4
 3.35
0.207
-0.25
P_ =   0.0178 -0.00174  0.00522 -0.00742 -0.00558
-0.00174   0.0211   0.0019  0.00718  0.00372
 0.00522   0.0019     0.13  -0.0172  -0.0359
-0.00742  0.00718  -0.0172    0.111    0.195
-0.00558  0.00372  -0.0359    0.195    0.373
k: 34
measurement:
42.8
14.8
dt: 1
LIDAR
NIS_laser_: 0.485
x_ =  42.8
 14.8
 3.32
0.599
0.164
P_ =      0.022 -4.41e-005     0.0132  -0.000563  -0.000334
-4.41e-005     0.0223    0.00122      0.012    0.00776
    0.0132    0.00122      0.762    -0.0368    -0.0262
 -0.000563      0.012    -0.0368      0.116      0.201
 -0.000334    0.00776    -0.0262      0.201       0.38
k: 35
measurement:
 45.1
0.338
  3.1
dt: 0
RADAR
NIS_radar_: 0.188
x_ =  42.7
 14.8
 3.37
0.585
0.146
P_ =    0.018 -0.00121  0.00209 0.000336  0.00145
-0.00121   0.0215  0.00763   0.0104  0.00573
 0.00209  0.00763    0.171    0.064    0.121
0.000336   0.0104    0.064   0.0981    0.175
 0.00145  0.00573    0.121    0.175    0.343
k: 36
measurement:
45.4
16.6
dt: 1
LIDAR
NIS_laser_: 0.296
x_ =   45.3
  16.5
  3.72
 0.562
0.0344
P_ =    0.0219 -0.000281    0.0168  -0.00715  -0.00472
-0.000281    0.0222    0.0132   0.00829   0.00534
   0.0168    0.0132     0.551     0.024    0.0187
 -0.00715   0.00829     0.024     0.115       0.2
 -0.00472   0.00534    0.0187       0.2      0.38
k: 37
measurement:
 48.5
0.347
 3.08
dt: 0
RADAR
NIS_radar_: 0.938
x_ =  45.4
 16.6
 3.47
0.587
0.103
P_ =    0.0177  -0.00168  0.000207  -0.00488 -0.000968
 -0.00168    0.0215   0.00799    0.0089   0.00641
 0.000207   0.00799     0.171    0.0692     0.114
 -0.00488    0.0089    0.0692     0.109     0.189
-0.000968   0.00641     0.114     0.189     0.356
k: 38
measurement:
48.2
17.3
dt: 1
LIDAR
NIS_laser_: 0.379
x_ =   48.2
  17.3
  3.32
 0.135
-0.252
P_ =   0.0219 -0.00025   0.0152 -0.00693 -0.00452
-0.00025   0.0222   0.0118  0.00814  0.00516
  0.0152   0.0118    0.608   0.0161  0.00956
-0.00693  0.00814   0.0161    0.116    0.202
-0.00452  0.00516  0.00956    0.202    0.381
k: 39
measurement:
   51
0.351
 2.75
dt: 0
RADAR
NIS_radar_: 0.285
x_ =   48.1
  17.3
  3.08
 0.106
-0.302
P_ =   0.0181 -0.00166  0.00629 -0.00705 -0.00533
-0.00166   0.0213 -0.00129  0.00648  0.00248
 0.00629 -0.00129    0.151  -0.0528  -0.0967
-0.00705  0.00648  -0.0528    0.105    0.185
-0.00533  0.00248  -0.0967    0.185    0.356
k: 40
measurement:
50.6
19.1
dt: 1
LIDAR
NIS_laser_: 1.45
x_ =  50.6
 19.1
 3.01
0.878
0.392
P_ =     0.0218 -4.35e-005     0.0199    0.00113   0.000842
-4.35e-005     0.0223  -0.000893     0.0122    0.00788
    0.0199  -0.000893      0.593    -0.0442    -0.0316
   0.00113     0.0122    -0.0442      0.119      0.203
  0.000842    0.00788    -0.0316      0.203      0.381
k: 41
measurement:
 53.9
0.356
 2.89
dt: 0
RADAR
NIS_radar_: 0.368
x_ = 50.6
  19
3.24
0.78
0.25
P_ =   0.0178 -0.00113  0.00792   0.0033  0.00492
-0.00113   0.0212  0.00953  0.00755  0.00124
 0.00792  0.00953    0.231   0.0841    0.163
  0.0033  0.00755   0.0841   0.0727    0.132
 0.00492  0.00124    0.163    0.132    0.275
k: 42
measurement:
53.7
19.9
dt: 1
LIDAR
NIS_laser_: 1.72
x_ =   53.7
  19.9
  3.06
0.0407
-0.402
P_ =    0.0218 -0.000434    0.0182  -0.00783  -0.00531
-0.000434    0.0219    0.0227   0.00737   0.00471
   0.0182    0.0227     0.343    0.0106    0.0131
 -0.00783   0.00737    0.0106     0.114       0.2
 -0.00531   0.00471    0.0131       0.2      0.38
k: 43
measurement:
 57.1
0.355
 2.72
dt: 0
RADAR
NIS_radar_: 0.304
x_ =   53.7
  19.9
  3.02
0.0489
-0.397
P_ =    0.018 -0.00201  0.00976 -0.00827 -0.00696
-0.00201     0.02  0.00494  0.00214 -0.00441
 0.00976  0.00494    0.139  -0.0561   -0.101
-0.00827  0.00214  -0.0561   0.0907     0.16
-0.00696 -0.00441   -0.101     0.16    0.313
k: 44
measurement:
  56
21.1
dt: 1
LIDAR
NIS_laser_: 1.15
x_ =    56
 21.1
 2.67
0.523
0.166
P_ =    0.0216 2.42e-005    0.0243   0.00171    0.0013
2.42e-005    0.0223  -0.00332     0.012   0.00779
   0.0243  -0.00332     0.475   -0.0465   -0.0345
  0.00171     0.012   -0.0465     0.116       0.2
   0.0013   0.00779   -0.0345       0.2     0.379
k: 45
measurement:
 59.7
0.359
 2.68
dt: 0
RADAR
NIS_radar_: 0.408
x_ =    56
 21.1
  2.8
 0.48
0.119
P_ =   0.0173 -0.00105  0.00541   0.0036  0.00423
-0.00105   0.0215  0.00244   0.0101  0.00572
 0.00541  0.00244    0.106   0.0238   0.0533
  0.0036   0.0101   0.0238    0.102    0.183
 0.00423  0.00572   0.0533    0.183    0.358
k: 46
measurement:
58.7
21.8
dt: 1
LIDAR
NIS_laser_: 0.536
x_ =   58.6
  21.8
   3.1
 0.103
-0.204
P_ =    0.0219 -0.000167    0.0157  -0.00771  -0.00502
-0.000167    0.0222   0.00907    0.0116   0.00754
   0.0157   0.00907      0.62    0.0272     0.021
 -0.00771    0.0116    0.0272     0.119     0.203
 -0.00502   0.00754     0.021     0.203     0.382
k: 47
measurement:
 62.6
0.359
 2.82
dt: 0
RADAR
NIS_radar_: 0.0129
x_ =   58.6
  21.8
  3.09
 0.102
-0.206
P_ =   0.0181 -0.00164  0.00745 -0.00801 -0.00597
-0.00164   0.0212 -0.00445  0.00947  0.00425
 0.00745 -0.00445    0.152  -0.0584   -0.106
-0.00801  0.00947  -0.0584    0.103     0.18
-0.00597  0.00425   -0.106     0.18    0.346
k: 48
measurement:
60.9
22.8
dt: 1
LIDAR
NIS_laser_: 0.474
x_ =  60.9
 22.8
 2.81
0.468
0.161
P_ =     0.0217 -8.64e-005     0.0218   0.000665   0.000548
-8.64e-005     0.0223  5.71e-005     0.0119    0.00768
    0.0218  5.71e-005      0.539    -0.0339    -0.0254
  0.000665     0.0119    -0.0339       0.12      0.204
  0.000548    0.00768    -0.0254      0.204      0.384
k: 49
measurement:
 64.8
0.357
 2.67
dt: 0
RADAR
NIS_radar_: 0.224
x_ =  60.9
 22.8
 2.83
0.455
0.149
P_ =   0.0175 -0.00133  0.00397  0.00162  0.00221
-0.00133   0.0216  0.00242   0.0111  0.00683
 0.00397  0.00242    0.111   0.0196    0.041
 0.00162   0.0111   0.0196    0.112    0.196
 0.00221  0.00683    0.041    0.196    0.373
k: 50
measurement:
63.4
23.4
dt: 1
LIDAR
NIS_laser_: 0.343
x_ =   63.4
  23.4
     3
  0.13
-0.156
P_ =     0.022 -0.000143    0.0141  -0.00752  -0.00486
-0.000143    0.0222     0.008    0.0118   0.00756
   0.0141     0.008     0.673    0.0286    0.0211
 -0.00752    0.0118    0.0286     0.122     0.205
 -0.00486   0.00756    0.0211     0.205     0.384
k: 51
measurement:
   68
0.357
  2.5
dt: 0
RADAR
NIS_radar_: 2.08
x_ =   63.5
  23.4
  2.82
0.0804
-0.218
P_ =   0.0181  -0.0016  0.00623 -0.00772 -0.00558
 -0.0016   0.0213 -0.00432   0.0101  0.00514
 0.00623 -0.00432    0.145  -0.0531  -0.0959
-0.00772   0.0101  -0.0531    0.109    0.187
-0.00558  0.00514  -0.0959    0.187    0.357
k: 52
measurement:
66.3
  24
dt: 1
LIDAR
NIS_laser_: 0.927
x_ =   66.3
    24
   3.4
 0.303
0.0677
P_ =     0.0217 -7.03e-005     0.0216    0.00111   0.000827
-7.03e-005     0.0223  -0.000376     0.0131    0.00841
    0.0216  -0.000376      0.543    -0.0391    -0.0286
   0.00111     0.0131    -0.0391      0.125      0.208
  0.000827    0.00841    -0.0286      0.208      0.386
k: 53
measurement:
 70.1
0.349
 2.23
dt: 0
RADAR
NIS_radar_: 2.7
x_ =   66.2
    24
  2.63
 0.311
0.0536
P_ =   0.0175 -0.00141  0.00388 0.000708 0.000163
-0.00141   0.0217 -0.00183   0.0127  0.00813
 0.00388 -0.00183    0.124  -0.0228  -0.0297
0.000708   0.0127  -0.0228    0.124    0.208
0.000163  0.00813  -0.0297    0.208    0.386
k: 54
measurement:
68.3
24.4
dt: 1
LIDAR
NIS_laser_: 0.0369
x_ =    68.3
   24.4
   2.61
   0.19
-0.0572
P_ =     0.022 -0.000133    0.0156  -0.00432  -0.00271
-0.000133    0.0222   0.00508    0.0144   0.00912
   0.0156   0.00508     0.666   0.00504   0.00578
 -0.00432    0.0144   0.00504      0.13     0.212
 -0.00271   0.00912   0.00578     0.212      0.39
k: 55
measurement:
   73
0.344
  2.5
dt: 0
RADAR
NIS_radar_: 1.99
x_ =    68.3
   24.4
   2.69
  0.194
-0.0535
P_ =    0.018 -0.00158  0.00381 -0.00515 -0.00392
-0.00158   0.0215 -0.00372   0.0136  0.00805
 0.00381 -0.00372    0.124  -0.0389  -0.0641
-0.00515   0.0136  -0.0389    0.126    0.206
-0.00392  0.00805  -0.0641    0.206    0.381
k: 56
measurement:
70.8
24.9
dt: 1
LIDAR
NIS_laser_: 0.227
x_ =   70.8
  24.9
  3.01
 0.244
0.0124
P_ =    0.0219 -0.000135     0.018  -0.00138 -0.000814
-0.000135    0.0222   0.00298    0.0141   0.00889
    0.018   0.00298      0.62   -0.0187   -0.0124
 -0.00138    0.0141   -0.0187     0.131     0.213
-0.000814   0.00889   -0.0124     0.213     0.392
k: 57
measurement:
 74.9
0.336
  2.2
dt: 0
RADAR
NIS_radar_: 0.622
x_ =    70.8
   24.9
   2.52
  0.227
-0.0242
P_ =   0.0178 -0.00154  0.00334 -0.00227 -0.00202
-0.00154   0.0216 -0.00267   0.0137  0.00839
 0.00334 -0.00267    0.127  -0.0317  -0.0482
-0.00227   0.0137  -0.0317     0.13    0.212
-0.00202  0.00839  -0.0482    0.212    0.389
k: 58
measurement:
72.9
24.7
dt: 1
LIDAR
NIS_laser_: 0.153
x_ =   72.9
  24.7
  2.56
-0.168
-0.258
P_ =    0.0219 -0.000129    0.0174  -0.00239  -0.00146
-0.000129    0.0222   0.00366    0.0152   0.00956
   0.0174   0.00366     0.632   -0.0123  -0.00686
 -0.00239    0.0152   -0.0123     0.135     0.216
 -0.00146   0.00956  -0.00686     0.216     0.394
k: 59
measurement:
77.2
0.33
 2.1
dt: 0
RADAR
NIS_radar_: 0.684
x_ =   72.9
  24.7
  2.56
 -0.17
-0.268
P_ =   0.0179 -0.00164  0.00769 -0.00457 -0.00465
-0.00164   0.0212  -0.0116   0.0112  0.00309
 0.00769  -0.0116    0.247   -0.114   -0.178
-0.00457   0.0112   -0.114    0.108    0.171
-0.00465  0.00309   -0.178    0.171    0.317
k: 60
measurement:
  75
25.3
dt: 1
LIDAR
NIS_laser_: 0.811
x_ =    75
 25.2
  2.2
0.324
0.208
P_ =    0.0214 9.69e-005    0.0286    0.0025   0.00196
9.69e-005    0.0223  -0.00893    0.0129   0.00801
   0.0286  -0.00893     0.331  -0.00739   -0.0104
   0.0025    0.0129  -0.00739     0.136     0.217
  0.00196   0.00801   -0.0104     0.217     0.395
k: 61
measurement:
 79.1
0.324
 2.02
dt: 0
RADAR
NIS_radar_: 0.0353
x_ =    75
 25.2
 2.17
0.321
0.206
P_ =    0.0164 -0.000633   0.00673   0.00179   0.00175
-0.000633    0.0215  -0.00298    0.0122   0.00745
  0.00673  -0.00298    0.0904  -0.00263  -0.00343
  0.00179    0.0122  -0.00263     0.135     0.217
  0.00175   0.00745  -0.00343     0.217     0.395
k: 62
measurement:
77.1
24.9
dt: 1
LIDAR
NIS_laser_: 0.96
x_ =   77.1
  24.9
  2.29
-0.402
-0.377
P_ =    0.0219 -0.000131    0.0169   -0.0071  -0.00453
-0.000131    0.0221   0.00681    0.0169    0.0105
   0.0169   0.00681     0.608    0.0357    0.0248
  -0.0071    0.0169    0.0357     0.141     0.219
 -0.00453    0.0105    0.0248     0.219     0.396
k: 63
measurement:
 81.2
0.317
 1.61
dt: 0
RADAR
NIS_radar_: 0.178
x_ =   77.1
    25
  2.29
-0.415
-0.394
P_ =    0.018 -0.00135   0.0135 -0.00683 -0.00437
-0.00135   0.0206  -0.0123  0.00887 -0.00106
  0.0135  -0.0123     0.29   -0.104   -0.179
-0.00683  0.00887   -0.104    0.078    0.128
-0.00437 -0.00106   -0.179    0.128    0.264
k: 64
measurement:
79.1
  25
dt: 1
LIDAR
NIS_laser_: 1.43
x_ =   79.1
    25
  1.82
0.0784
 0.174
P_ =   0.0214 0.000228   0.0268  0.00622  0.00447
0.000228   0.0221  -0.0174   0.0128  0.00801
  0.0268  -0.0174    0.265  -0.0155  -0.0214
 0.00622   0.0128  -0.0155    0.138    0.219
 0.00447  0.00801  -0.0214    0.219    0.398
k: 65
measurement:
   83
0.306
 1.74
dt: 0
RADAR
NIS_radar_: 0.0449
x_ =  79.1
   25
 1.88
0.091
0.191
P_ =    0.0161 -0.000152   0.00667   0.00203 -0.000882
-0.000152    0.0211  -0.00974    0.0134    0.0098
  0.00667  -0.00974    0.0944   -0.0418   -0.0648
  0.00203    0.0134   -0.0418     0.134     0.213
-0.000882    0.0098   -0.0648     0.213     0.387
k: 66
measurement:
80.8
24.9
dt: 1
LIDAR
NIS_laser_: 0.139
x_ =     80.8
    24.9
    2.06
 -0.0312
-0.00489
P_ =    0.0216 -0.000231     0.024  -0.00159  -0.00104
-0.000231     0.022   0.00449    0.0197    0.0123
    0.024   0.00449     0.451   0.00805   0.00802
 -0.00159    0.0197   0.00805     0.149     0.225
 -0.00104    0.0123   0.00802     0.225       0.4
k: 67
measurement:
 84.9
0.297
 1.48
dt: 0
RADAR
NIS_radar_: 1.22
x_ =    80.9
   24.9
   1.83
-0.0876
-0.0988
P_ =   0.0173 -0.00181  0.00713 -0.00526  -0.0058
-0.00181   0.0212 -0.00817   0.0167  0.00818
 0.00713 -0.00817    0.134  -0.0657     -0.1
-0.00526   0.0167  -0.0657    0.131      0.2
 -0.0058  0.00818     -0.1      0.2    0.363
k: 68
measurement:
82.6
24.6
dt: 1
LIDAR
NIS_laser_: 0.291
x_ =    82.6
   24.6
   2.28
-0.0845
-0.0328
P_ =     0.0214 -9.38e-005      0.029    0.00337    0.00228
-9.38e-005     0.0221   -0.00246     0.0185     0.0114
     0.029   -0.00246      0.342    -0.0347    -0.0248
   0.00337     0.0185    -0.0347      0.158      0.234
   0.00228     0.0114    -0.0248      0.234       0.41
k: 69
measurement:
 86.2
0.292
 1.43
dt: 0
RADAR
NIS_radar_: 0.592
x_ =   82.6
  24.6
  1.95
-0.188
-0.213
P_ =   0.0163 -0.00181  0.00908 -0.00294 -0.00716
-0.00181   0.0214  -0.0108   0.0158  0.00716
 0.00908  -0.0108    0.161  -0.0924   -0.125
-0.00294   0.0158  -0.0924    0.139    0.202
-0.00716  0.00716   -0.125    0.202    0.354
k: 70
measurement:
84.2
24.6
dt: 1
LIDAR
NIS_laser_: 0.225
x_ =    84.2
   24.5
   2.02
0.00243
  0.033
P_ =    0.0213 5.82e-005    0.0294   0.00474   0.00324
5.82e-005    0.0222  -0.00773    0.0165   0.00996
   0.0294  -0.00773     0.316   -0.0311   -0.0219
  0.00474    0.0165   -0.0311     0.157     0.233
  0.00324   0.00996   -0.0219     0.233     0.409
k: 71
measurement:
 87.7
0.281
  1.5
dt: 0
RADAR
NIS_radar_: 0.262
x_ =    84.2
   24.5
   1.83
-0.0301
-0.0372
P_ =      0.016   -0.00108    0.00738 -4.94e-005   -0.00398
  -0.00108     0.0217   -0.00921      0.016    0.00958
   0.00738   -0.00921      0.121    -0.0674    -0.0908
-4.94e-005      0.016    -0.0674       0.15       0.22
  -0.00398    0.00958    -0.0908       0.22      0.385
k: 72
measurement:
85.6
23.8
dt: 1
LIDAR
NIS_laser_: 0.248
x_ =   85.6
  23.8
  1.93
-0.539
-0.324
P_ =    0.0214 -0.000133    0.0274   0.00217   0.00149
-0.000133    0.0221 -0.000541    0.0191    0.0116
   0.0274 -0.000541     0.382   -0.0254   -0.0145
  0.00217    0.0191   -0.0254     0.161     0.235
  0.00149    0.0116   -0.0145     0.235      0.41
k: 73
measurement:
89.2
0.27
1.29
dt: 0
RADAR
NIS_radar_: 0.853
x_ =   85.7
  23.8
  2.01
-0.521
-0.314
P_ =    0.017   -0.002   0.0152 -0.00556 -0.00925
  -0.002   0.0205  -0.0125  0.00942 -0.00295
  0.0152  -0.0125    0.279   -0.111   -0.145
-0.00556  0.00942   -0.111   0.0872    0.122
-0.00925 -0.00295   -0.145    0.122    0.236
k: 74
measurement:
86.9
23.5
dt: 1
LIDAR
NIS_laser_: 0.794
x_ =      87
   23.5
   1.28
 -0.307
-0.0034
P_ =   0.0214 0.000196   0.0265  0.00826  0.00573
0.000196    0.022  -0.0187   0.0131  0.00771
  0.0265  -0.0187    0.238  -0.0153  -0.0197
 0.00826   0.0131  -0.0153    0.148    0.228
 0.00573  0.00771  -0.0197    0.228    0.407
k: 75
measurement:
 90.7
0.262
 1.13
dt: 0
RADAR
NIS_radar_: 3.72
x_ =   87.1
  23.5
  1.39
-0.244
0.0358
P_ =    0.0158 -0.000281   0.00859 1.43e-006  -0.00551
-0.000281    0.0214   -0.0149    0.0146    0.0107
  0.00859   -0.0149     0.122   -0.0662   -0.0992
1.43e-006    0.0146   -0.0662     0.126     0.193
 -0.00551    0.0107   -0.0992     0.193     0.351
k: 76
measurement:
88.8
22.8
dt: 1
LIDAR
NIS_laser_: 1.32
x_ =    88.8
   22.8
   2.45
 -0.405
-0.0824
P_ =    0.0211 -0.000169    0.0315   0.00661   0.00418
-0.000169    0.0218  -0.00497    0.0228    0.0141
   0.0315  -0.00497     0.264   -0.0181   -0.0107
  0.00661    0.0228   -0.0181      0.18     0.247
  0.00418    0.0141   -0.0107     0.247     0.416
k: 77
measurement:
 91.3
0.254
 1.14
dt: 0
RADAR
NIS_radar_: 1.34
x_ =   88.7
  22.8
  2.22
-0.643
-0.395
P_ =   0.0161 -0.00242   0.0181 -0.00655  -0.0129
-0.00242   0.0202  -0.0144   0.0111  -0.0021
  0.0181  -0.0144    0.206  -0.0898   -0.111
-0.00655   0.0111  -0.0898   0.0849    0.113
 -0.0129  -0.0021   -0.111    0.113    0.225
k: 78
measurement:
89.5
22.3
dt: 1
LIDAR
NIS_laser_: 2.24
x_ =   89.5
  22.3
 0.749
-0.713
-0.233
P_ =   0.0215 0.000346   0.0236  0.00997  0.00675
0.000346   0.0219  -0.0226   0.0106  0.00592
  0.0236  -0.0226    0.236  -0.0325  -0.0324
 0.00997   0.0106  -0.0325    0.133     0.22
 0.00675  0.00592  -0.0324     0.22    0.404
k: 79
measurement:
 92.6
0.245
0.835
dt: 0
RADAR
NIS_radar_: 1.68
x_ =   89.6
  22.3
  1.04
-0.556
0.0224
P_ =     0.0161 -4.71e-005     0.0106    0.00275   -0.00405
-4.71e-005     0.0212    -0.0189     0.0122    0.00975
    0.0106    -0.0189      0.166    -0.0682    -0.0975
   0.00275     0.0122    -0.0682      0.115      0.186
  -0.00405    0.00975    -0.0975      0.186      0.342
k: 80
measurement:
90.5
21.7
dt: 1
LIDAR
NIS_laser_: 0.156
x_ =   90.5
  21.7
  1.38
-0.446
0.0797
P_ =    0.0209 -0.000293    0.0287    0.0163    0.0103
-0.000293    0.0215   -0.0134    0.0248    0.0154
   0.0287   -0.0134     0.251   -0.0204   -0.0131
   0.0163    0.0248   -0.0204     0.233     0.281
   0.0103    0.0154   -0.0131     0.281     0.436
k: 81
measurement:
 93.5
0.239
    1
dt: 0
RADAR
NIS_radar_: 1.74
x_ =   90.6
  21.7
  1.44
-0.398
0.0852
P_ =    0.0149  -0.00191    0.0107 -0.000833  -0.00894
 -0.00191     0.021   -0.0187    0.0196   0.00931
   0.0107   -0.0187     0.168    -0.101    -0.113
-0.000833    0.0196    -0.101     0.155     0.184
 -0.00894   0.00931    -0.113     0.184     0.314
k: 82
measurement:
91.7
21.1
dt: 1
LIDAR
NIS_laser_: 0.0514
x_ =   91.7
  21.1
  1.64
-0.289
 0.101
P_ =     0.0211 -9.93e-005     0.0321    0.00891     0.0055
-9.93e-005      0.022    -0.0089       0.02     0.0114
    0.0321    -0.0089      0.229    -0.0145   -0.00941
   0.00891       0.02    -0.0145      0.181      0.252
    0.0055     0.0114   -0.00941      0.252       0.43
k: 83
measurement:
 94.5
 0.23
0.877
dt: 0
RADAR
NIS_radar_: 2.52
x_ =   91.7
  21.1
  1.47
-0.427
 -0.15
P_ =    0.015 -0.00152   0.0124 -0.00315  -0.0103
-0.00152   0.0216  -0.0135   0.0171   0.0076
  0.0124  -0.0135    0.132  -0.0783   -0.101
-0.00315   0.0171  -0.0783    0.139     0.19
 -0.0103   0.0076   -0.101     0.19     0.34
k: 84
measurement:
92.9
  21
dt: 1
LIDAR
NIS_laser_: 0.316
x_ =    92.9
   20.9
   1.39
-0.0834
  0.145
P_ =    0.0212 8.14e-005    0.0295    0.0107   0.00675
8.14e-005    0.0219   -0.0129    0.0193    0.0114
   0.0295   -0.0129     0.255    -0.037   -0.0263
   0.0107    0.0193    -0.037     0.177     0.249
  0.00675    0.0114   -0.0263     0.249     0.424
k: 85
measurement:
 95.7
0.222
0.883
dt: 0
RADAR
NIS_radar_: 2.73
x_ =    92.9
     21
   1.19
-0.0631
 0.0866
P_ =   0.0151 -0.00036  0.00648  0.00538 -0.00076
-0.00036   0.0215  -0.0103   0.0191   0.0122
 0.00648  -0.0103      0.1  -0.0614   -0.076
 0.00538   0.0191  -0.0614    0.173    0.241
-0.00076   0.0122   -0.076    0.241    0.408
k: 86
measurement:
93.5
20.2
dt: 1
LIDAR
NIS_laser_: 1.16
x_ =   93.5
  20.2
  0.72
-0.802
-0.404
P_ =    0.0213 -0.000247    0.0309   0.00267   0.00166
-0.000247    0.0217  0.000601    0.0277    0.0164
   0.0309  0.000601     0.292   -0.0148  -0.00507
  0.00267    0.0277   -0.0148     0.222     0.277
  0.00166    0.0164  -0.00507     0.277      0.44
k: 87
measurement:
   96
0.215
0.833
dt: 0
RADAR
NIS_radar_: 1.69
x_ =    93.6
   20.3
   1.07
 -0.553
-0.0949
P_ =   0.0165 -0.00202   0.0167 -0.00595 -0.00853
-0.00202   0.0203  -0.0102   0.0192  0.00569
  0.0167  -0.0102      0.2  -0.0871  -0.0981
-0.00595   0.0192  -0.0871    0.163      0.2
-0.00853  0.00569  -0.0981      0.2     0.34
k: 88
measurement:
95.3
19.7
dt: 1
LIDAR
NIS_laser_: 3.56
x_ =  95.3
 19.7
 2.54
0.114
0.371
P_ =    0.0211 -0.000173    0.0286    0.0162   0.00987
-0.000173    0.0217    -0.014    0.0234    0.0132
   0.0286    -0.014      0.25    -0.044   -0.0343
   0.0162    0.0234    -0.044     0.237     0.287
  0.00987    0.0132   -0.0343     0.287     0.452
k: 89
measurement:
 96.6
0.207
0.684
dt: 0
RADAR
NIS_radar_: 9.23
x_ =      95
   19.7
   1.57
-0.0208
  0.212
P_ =    0.0155 -0.000312   0.00838    0.0123     0.006
-0.000312    0.0212  -0.00937    0.0226    0.0133
  0.00838  -0.00937     0.109   -0.0497   -0.0509
   0.0123    0.0226   -0.0497     0.234     0.285
    0.006    0.0133   -0.0509     0.285     0.449
k: 90
measurement:
95.5
19.7
dt: 1
LIDAR
NIS_laser_: 0.702
x_ =  95.5
 19.7
0.901
0.203
0.219
P_ =    0.0216 -0.000154    0.0237  0.000614  0.000348
-0.000154     0.022   0.00147    0.0233    0.0132
   0.0237   0.00147     0.464     0.012    0.0131
 0.000614    0.0233     0.012     0.199     0.264
 0.000348    0.0132    0.0131     0.264      0.44
k: 91
measurement:
 97.6
0.202
0.777
dt: 0
RADAR
NIS_radar_: 0.0331
x_ =  95.5
 19.7
0.872
0.205
0.219
P_ =    0.0169 -0.000973   0.00344 -0.000752 -0.000646
-0.000973    0.0218  0.000149     0.023    0.0131
  0.00344  0.000149     0.082   0.00199   0.00225
-0.000752     0.023   0.00199     0.198     0.263
-0.000646    0.0131   0.00225     0.263     0.439
k: 92
measurement:
96.3
19.2
dt: 1
LIDAR
NIS_laser_: 1.64
x_ =   96.3
  19.2
  0.78
 -0.81
-0.497
P_ =    0.0214 4.88e-005    0.0286  -0.00963  -0.00574
4.88e-005     0.021   0.00726     0.036    0.0209
   0.0286   0.00726     0.316    0.0407    0.0273
 -0.00963     0.036    0.0407     0.312     0.335
 -0.00574    0.0209    0.0273     0.335     0.481
k: 93
measurement:
 98.4
0.193
0.738
dt: 0
RADAR
NIS_radar_: 0.813
x_ =   96.3
  19.2
  1.03
-0.612
-0.292
P_ =   0.0173 -0.00122   0.0194  -0.0132 -0.00953
-0.00122   0.0188 -0.00898   0.0196  0.00403
  0.0194 -0.00898    0.197  -0.0798  -0.0963
 -0.0132   0.0196  -0.0798     0.18      0.2
-0.00953  0.00403  -0.0963      0.2    0.343
k: 94
measurement:
97.5
18.7
dt: 1
LIDAR
NIS_laser_: 1.56
x_ =   97.5
  18.7
  1.82
-0.158
 0.146
P_ =    0.0211 -0.000123    0.0272    0.0196    0.0116
-0.000123    0.0216   -0.0172    0.0225    0.0124
   0.0272   -0.0172     0.238   -0.0739   -0.0568
   0.0196    0.0225   -0.0739     0.239     0.287
   0.0116    0.0124   -0.0568     0.287     0.457
k: 95
measurement:
 99.2
0.184
0.843
dt: 0
RADAR
NIS_radar_: 1.45
x_ =   97.4
  18.7
  1.46
-0.317
-0.105
P_ =     0.014 -0.000515   0.00588   0.00818  -0.00265
-0.000515    0.0214   -0.0162    0.0224    0.0132
  0.00588   -0.0162     0.143    -0.116    -0.122
  0.00818    0.0224    -0.116     0.219     0.258
 -0.00265    0.0132    -0.122     0.258     0.412
k: 96
measurement:
98.2
18.4
dt: 1
LIDAR
NIS_laser_: 0.0685
x_ =    98.2
   18.4
   1.22
 -0.305
-0.0417
P_ =   0.0212 0.000105   0.0309  0.00779  0.00476
0.000105    0.022   -0.011   0.0204   0.0114
  0.0309   -0.011    0.255  -0.0215 -0.00969
 0.00779   0.0204  -0.0215    0.208    0.271
 0.00476   0.0114 -0.00969    0.271    0.446
k: 97
measurement:
  100
0.182
0.743
dt: 0
RADAR
NIS_radar_: 0.431
x_ =   98.2
  18.4
   1.1
-0.359
-0.137
P_ =    0.0153 -0.000733   0.00962  -0.00121  -0.00682
-0.000733    0.0218   -0.0126    0.0197    0.0108
  0.00962   -0.0126     0.121   -0.0789   -0.0932
 -0.00121    0.0197   -0.0789     0.184     0.235
 -0.00682    0.0108   -0.0932     0.235     0.393
k: 98
measurement:
  99
17.4
dt: 1
LIDAR
NIS_laser_: 0.532
x_ =     99
  17.4
  1.51
  -1.1
-0.482
P_ =     0.0211 -8.91e-005     0.0309      0.012    0.00733
-8.91e-005     0.0217    -0.0103     0.0259     0.0149
    0.0309    -0.0103      0.251    -0.0465    -0.0304
     0.012     0.0259    -0.0465       0.24      0.288
   0.00733     0.0149    -0.0304      0.288      0.451
k: 99
measurement:
  100
0.173
0.924
dt: 0
RADAR
NIS_radar_: 0.74
x_ =      99
   17.4
   1.49
 -0.748
-0.0493
P_ =   0.0164  -0.0021   0.0256 -0.00346 -0.00966
 -0.0021   0.0194  -0.0111  0.00554 -0.00955
  0.0256  -0.0111    0.244  -0.0496  -0.0317
-0.00346  0.00554  -0.0496   0.0538   0.0619
-0.00966 -0.00955  -0.0317   0.0619    0.176
k: 100
measurement:
100
 17
dt: 1
LIDAR
NIS_laser_: 0.654
x_ =    100
    17
  1.04
-0.406
 0.183
P_ =     0.021 -0.000323    0.0237    0.0146   0.00994
-0.000323    0.0215   -0.0183    0.0148   0.00877
   0.0237   -0.0183     0.244   -0.0169   -0.0214
   0.0146    0.0148   -0.0169     0.148     0.234
  0.00994   0.00877   -0.0214     0.234      0.42
k: 101
measurement:
  102
0.167
0.825
dt: 0
RADAR
NIS_radar_: 1.81
x_ =    100
    17
  1.07
-0.357
 0.197
P_ =    0.0153 -0.000307   0.00463   0.00656 -0.000564
-0.000307    0.0212   -0.0138    0.0159    0.0112
  0.00463   -0.0138     0.114   -0.0607   -0.0928
  0.00656    0.0159   -0.0607     0.132      0.21
-0.000564    0.0112   -0.0928      0.21     0.381
k: 102
measurement:
 101
16.5
dt: 1
LIDAR
NIS_laser_: 0.357
x_ =    101
  16.5
  1.61
-0.151
 0.201
P_ =     0.021 -0.000321    0.0321    0.0102   0.00622
-0.000321    0.0215  -0.00641     0.028    0.0173
   0.0321  -0.00641     0.248  -0.00148   0.00263
   0.0102     0.028  -0.00148     0.232     0.284
  0.00622    0.0173   0.00263     0.284     0.441
k: 103
measurement:
  102
0.161
0.878
dt: 0
RADAR
NIS_radar_: 0.608
x_ =    101
  16.5
  1.32
-0.281
0.0374
P_ =      0.015   -0.00141    0.00948 -4.54e-005   -0.00514
  -0.00141     0.0212    -0.0112     0.0258     0.0147
   0.00948    -0.0112      0.107    -0.0646    -0.0757
-4.54e-005     0.0258    -0.0646      0.204      0.249
  -0.00514     0.0147    -0.0757      0.249      0.397
k: 104
measurement:
 102
16.4
dt: 1
LIDAR
NIS_laser_: 0.352
x_ =   102
 16.4
  1.7
0.117
0.244
P_ =     0.0213 -8.74e-005     0.0291    0.00863    0.00507
-8.74e-005     0.0219   -0.00572     0.0238     0.0135
    0.0291   -0.00572      0.321    -0.0326     -0.019
   0.00863     0.0238    -0.0326      0.202      0.266
   0.00507     0.0135     -0.019      0.266      0.439
k: 105
measurement:
  103
0.154
0.948
dt: 0
RADAR
NIS_radar_: 1.82
x_ =   102
 16.4
 1.25
0.101
0.224
P_ =    0.0159 -0.000448   0.00626   0.00757   0.00391
-0.000448    0.0217  -0.00311    0.0232    0.0132
  0.00626  -0.00311    0.0891   -0.0196   -0.0184
  0.00757    0.0232   -0.0196     0.199     0.265
  0.00391    0.0132   -0.0184     0.265     0.439
k: 106
measurement:
 103
15.4
dt: 1
LIDAR
NIS_laser_: 2.49
x_ =    103
  15.4
 0.827
 -1.14
-0.631
P_ =    0.0216 -0.000121    0.0254  -0.00401  -0.00239
-0.000121    0.0217   0.00436    0.0283    0.0165
   0.0254   0.00436      0.41    0.0296    0.0225
 -0.00401    0.0283    0.0296      0.23     0.284
 -0.00239    0.0165    0.0225     0.284     0.449
k: 107
measurement:
  104
0.146
 1.03
dt: 0
RADAR
NIS_radar_: 3.26
x_ =    103
  15.5
  1.18
-0.593
0.0327
P_ =    0.0175 -0.000919    0.0192  -0.00571  -0.00441
-0.000919    0.0195  -0.00819    0.0128  -0.00218
   0.0192  -0.00819     0.334   -0.0616   -0.0874
 -0.00571    0.0128   -0.0616      0.11      0.14
 -0.00441  -0.00218   -0.0874      0.14     0.275
k: 108
measurement:
 104
15.3
dt: 1
LIDAR
NIS_laser_: 0.899
x_ =   104
 15.2
 1.36
0.106
0.433
P_ =    0.0213 -0.000355    0.0262    0.0149   0.00914
-0.000355    0.0216   -0.0127    0.0217    0.0129
   0.0262   -0.0127     0.275   -0.0223   -0.0214
   0.0149    0.0217   -0.0223     0.197     0.262
  0.00914    0.0129   -0.0214     0.262     0.437
k: 109
measurement:
  105
0.141
 1.16
dt: 0
RADAR
NIS_radar_: 0.584
x_ =    104
  15.2
   1.3
0.0656
 0.409
P_ =     0.016 -0.000177    0.0059    0.0125   0.00771
-0.000177    0.0211  -0.00485    0.0207    0.0123
   0.0059  -0.00485    0.0783   -0.0146   -0.0161
   0.0125    0.0207   -0.0146     0.194      0.26
  0.00771    0.0123   -0.0161      0.26     0.435
k: 110
measurement:
 106
14.4
dt: 1
LIDAR
NIS_laser_: 1.97
x_ =    106
  14.5
  1.73
-0.889
-0.395
P_ =    0.0215 -0.000154    0.0253  -0.00462  -0.00293
-0.000154    0.0217   0.00479    0.0276    0.0162
   0.0253   0.00479     0.413    0.0645    0.0456
 -0.00462    0.0276    0.0645     0.222     0.278
 -0.00293    0.0162    0.0456     0.278     0.444
k: 111
measurement:
  106
0.132
 1.16
dt: 0
RADAR
NIS_radar_: 0.819
x_ =    105
  14.5
   1.8
-0.736
-0.212
P_ =    0.0174 -0.000912    0.0187  -0.00632  -0.00501
-0.000912    0.0192   -0.0131   0.00838  -0.00668
   0.0187   -0.0131     0.282   -0.0747     -0.12
 -0.00632   0.00838   -0.0747     0.067    0.0933
 -0.00501  -0.00668     -0.12    0.0933     0.225
k: 112
measurement:
107
 14
dt: 1
LIDAR
NIS_laser_: 1.08
x_ =    107
    14
  1.42
-0.277
 0.214
P_ =   0.0213 0.000103   0.0233   0.0124  0.00843
0.000103   0.0219  -0.0212   0.0124   0.0076
  0.0233  -0.0212     0.23  -0.0261  -0.0299
  0.0124   0.0124  -0.0261    0.146    0.229
 0.00843   0.0076  -0.0299    0.229    0.413
k: 113
measurement:
  107
0.133
 1.38
dt: 0
RADAR
NIS_radar_: 1.29
x_ =    107
    14
  1.52
-0.276
 0.264
P_ =    0.0155  0.000559   0.00474   0.00584 -0.000445
 0.000559    0.0212   -0.0134    0.0142    0.0113
  0.00474   -0.0134     0.105   -0.0609   -0.0899
  0.00584    0.0142   -0.0609     0.136     0.212
-0.000445    0.0113   -0.0899     0.212     0.384
k: 114
measurement:
 108
13.7
dt: 1
LIDAR
NIS_laser_: 0.0611
x_ =     108
   13.7
   1.74
-0.0343
   0.25
P_ =    0.0212 -0.000178      0.03   0.00609   0.00375
-0.000178    0.0219  -0.00356    0.0221    0.0137
